
###### Mejores modelos SARIMAX de 625 evaluados por cluster para cada depto


CUNDINAMARCA

PCP_c1

     p  q  d  s          AIC          BIC
64   0  2  2  4    16.000000    49.136299
462  3  3  2  2    18.000000    55.258961
298  2  1  4  3  4975.111179  5020.697221
299  2  1  4  4  4976.056441  5025.786669
423  3  1  4  3  4976.300013  5026.030240


PCP_c2

     p  q  d  s          AIC          BIC
395  3  0  4  0  4154.370544  4190.088912
174  1  1  4  4  4155.080828  4198.708442
299  2  1  4  4  4155.110854  4202.704615
539  4  1  2  4  4155.228038  4202.821799
414  3  1  2  4  4155.469153  4199.096768


PCP_c3

     p  q  d  s          AIC          BIC
489  3  4  2  4    22.000000    67.562411
249  1  4  4  4    22.000000    67.562411
414  3  1  2  4  4700.927428  4746.560579
164  1  1  2  4  4702.377409  4739.713624
174  1  1  4  4  4702.486373  4748.119524


PCP_c4

     p  q  d  s          AIC          BIC
487  3  4  2  2   255.095156   292.373492
414  3  1  2  4  4563.760410  4609.393562
549  4  1  4  4  4563.796666  4621.875222
164  1  1  2  4  4564.044369  4601.380584
174  1  1  4  4  4564.414552  4610.047704


tmed_C1

     p  q  d  s         AIC         BIC
129  1  0  0  4   14.000000   43.128451
143  1  0  3  3   18.000000   55.450866
243  1  4  3  3   18.000000   55.374594
242  1  4  3  2   39.326166   72.548027
543  4  1  3  3  365.934930  415.844075
163  1  1  2  3  366.804553  400.077316
284  2  1  1  4  366.814497  404.246356
158  1  1  1  3  367.529433  396.643100
413  3  1  2  3  367.802668  409.393622
544  4  1  3  4  368.228285  422.296525


tmed_C2

tmed_C3

     p  q  d  s         AIC         BIC
488  3  4  2  3   33.511795   74.932170
242  1  4  3  2   44.143038   77.279337
379  3  0  0  4  451.657405  489.012830
134  1  0  1  4  452.026435  485.231257
144  1  0  3  4  453.030963  494.536991
139  1  0  2  4  453.157819  490.513244
504  4  0  0  4  453.540321  495.046349
384  3  0  1  4  453.593427  495.099454
259  2  0  1  4  453.932767  491.288192
378  3  0  0  3  454.490554  487.695376


tmed_C4

     p  q  d  s         AIC         BIC
379  3  0  0  4  118.492032  155.942898
504  4  0  0  4  119.073750  160.685824
144  1  0  3  4  119.163814  160.775888
384  3  0  1  4  119.860255  161.472328
149  1  0  4  4  120.950979  166.724260
269  2  0  3  4  121.082317  166.855597
134  1  0  1  4  121.224584  154.514242
509  4  0  1  4  121.450526  167.223806
394  3  0  3  4  121.465261  171.399749
519  4  0  3  4  121.913100  176.008795



ANTIOQUIA

PCP_C2

     p  q  d  s          AIC          BIC
587  4  3  2  2    20.000000    61.441856
169  1  1  3  4  5514.834787  5556.319470
534  4  1  1  4  5515.891512  5561.524663
409  3  1  1  4  5517.217884  5558.702567
299  2  1  4  4  5517.936037  5567.717656


PCP_C3

     p  q  d  s          AIC          BIC
432  3  2  1  2    16.000000    49.170634
366  2  4  3  1    16.000000    49.136299
615  4  4  3  0    18.000000    55.278337
164  1  1  2  4  5222.947874  5260.284089
534  4  1  1  4  5224.258536  5269.891687
549  4  1  4  4  5224.307354  5282.385910
539  4  1  2  4  5224.331867  5274.113487
284  2  1  1  4  5224.468516  5261.804730
424  3  1  4  4  5224.792851  5278.722938
414  3  1  2  4  5225.845837  5271.478988


tmed_C2

     p  q  d  s         AIC         BIC
492  3  4  3  2   38.220424   79.747751
519  4  0  3  4  157.559548  211.655243
524  4  0  4  4  158.235174  216.492077
149  1  0  4  4  158.711064  204.484345
534  4  1  1  4  161.667327  207.417376
549  4  1  4  4  162.709031  220.936367
299  2  1  4  4  162.975279  212.884424
544  4  1  3  4  163.171582  217.239822
148  1  0  4  3  165.400038  207.012111
253  2  0  0  3  166.693574  195.822025


tmed_C3

     p  q  d  s         AIC         BIC
254  2  0  0  4  467.218165  500.507823
379  3  0  0  4  467.864157  505.315023
149  1  0  4  4  472.070152  517.843433
139  1  0  2  4  472.122555  509.573421
384  3  0  1  4  472.351873  513.963946
414  3  1  2  4  472.363211  518.113260
519  4  0  3  4  472.970371  527.066066
299  2  1  4  4  473.391053  523.300198
514  4  0  2  4  474.177197  524.111684
144  1  0  3  4  474.986322  516.598396


BOYACA

PCP_c1

     p  q  d  s          AIC          BIC
373  2  4  4  3    22.000000    67.562411
414  3  1  2  4  4696.151543  4741.784694
174  1  1  4  4  4696.899262  4742.532414
289  2  1  2  4  4697.171278  4738.655961
539  4  1  2  4  4698.040656  4747.822276


PCP_c2

     p  q  d  s          AIC          BIC
364  2  4  2  4    20.000000    61.420374
89   0  3  2  4  1288.723042  1321.876527
174  1  1  4  4  5227.583966  5273.217117
539  4  1  2  4  5227.600557  5277.382176
419  3  1  3  4  5227.910968  5277.692588
544  4  1  3  4  5230.166535  5284.096623
284  2  1  1  4  5232.626823  5269.963038
164  1  1  2  4  5233.861284  5271.197499
49   0  1  4  4  5234.004798  5275.489481
44   0  1  3  4  5234.018795  5271.355009


PCP_c3

     p  q  d  s          AIC          BIC
237  1  4  2  2    14.000000    42.994262
463  3  3  2  3    20.000000    61.441856
339  2  3  2  4    20.000000    61.441856
559  4  2  1  4    22.000000    67.609622
612  4  4  2  2   526.958296   568.378670
414  3  1  2  4  4798.421363  4844.054514
539  4  1  2  4  4799.319951  4849.101571
164  1  1  2  4  4801.939680  4839.275894
409  3  1  1  4  4803.233534  4844.718217
284  2  1  1  4  4803.304250  4840.640464


PCP_c4

     p  q  d  s          AIC          BIC
541  4  1  3  1  4594.661589  4636.146272
416  3  1  3  1  4595.898921  4633.235135
414  3  1  2  4  4596.947035  4642.580187
386  3  0  2  1  4597.503739  4630.708561
539  4  1  2  4  4599.172824  4648.954443
164  1  1  2  4  4599.176397  4636.512612
296  2  1  4  1  4599.268379  4636.604593
174  1  1  4  4  4599.439267  4645.072418
419  3  1  3  4  4599.505334  4649.286953
289  2  1  2  4  4600.245427  4641.730110


tmed_C1

     p  q  d  s         AIC         BIC
7    0  0  1  2   10.000000   30.784895
382  3  0  1  2   16.000000   49.255832
259  2  0  1  4  588.428432  625.841243
254  2  0  0  4  588.669145  621.924977
379  3  0  0  4  589.036706  626.449517
144  1  0  3  4  589.564243  631.134033
504  4  0  0  4  589.815858  631.385648
139  1  0  2  4  589.882715  627.295526
134  1  0  1  4  589.909791  623.165623
264  2  0  2  4  590.413213  631.983003


tmed_C2

     p  q  d  s         AIC         BIC
494  3  4  3  4  268.990153  318.797386
254  2  0  0  4  588.743908  622.016671
379  3  0  0  4  589.929019  627.360878
139  1  0  2  4  590.148714  627.580573
149  1  0  4  4  590.949363  636.699412
134  1  0  1  4  591.003477  624.276240
144  1  0  3  4  591.284041  632.874995
284  2  1  1  4  591.983494  629.396305
274  2  0  4  4  592.073216  641.982360
253  2  0  0  3  592.397640  621.511307


tmed_C3

     p  q  d  s         AIC         BIC
3    0  0  0  3   10.000000   30.806037
128  1  0  0  3   12.000000   36.967244
485  3  4  2  0   14.000000   43.069129
268  2  0  3  3   20.000000   61.612073
144  1  0  3  4   20.000000   61.612073
409  3  1  1  4  315.073090  356.664044
414  3  1  2  4  317.008772  362.758821
284  2  1  1  4  317.550111  354.981969
544  4  1  3  4  317.661552  371.729792
169  1  1  3  4  318.469194  360.060148


tmed_C4

     p  q  d  s         AIC         BIC
129  1  0  0  4  181.851623  210.980074
149  1  0  4  4  187.047771  232.821051
128  1  0  0  3  187.860920  212.828163
253  2  0  0  3  187.863931  216.992382
524  4  0  4  4  188.305366  246.562268
539  4  1  2  4  189.038227  238.947372
399  3  0  4  4  189.413489  243.509184
274  2  0  4  4  189.922832  239.857320
133  1  0  1  3  190.779592  219.908044
389  3  0  2  4  190.945235  236.718515



NARIÑO

PCP_c1

     p  q  d  s          AIC          BIC
164  1  1  2  4  4831.111769  4868.447984
163  1  1  2  3  4831.130552  4864.318298
283  2  1  1  3  4831.230149  4864.417896
284  2  1  1  4  4831.230589  4868.566803
413  3  1  2  3  4831.611419  4873.096102


PCP_c2

     p  q  d  s          AIC          BIC
236  1  4  2  1    12.000000    36.852224
199  1  2  4  4    22.000000    67.609622
284  2  1  1  4  4982.438820  5019.775035
49   0  1  4  4  4982.614390  5024.099073
414  3  1  2  4  4983.285172  5028.918323
283  2  1  1  3  4983.563696  5016.751442
409  3  1  1  4  4983.894496  5025.379179
298  2  1  4  3  4983.920782  5029.553934
44   0  1  3  4  4983.972875  5021.309089
413  3  1  2  3  4984.185341  5025.670024


PCP_c3

     p  q  d  s          AIC          BIC
213  1  3  2  3    16.000000    49.153485
193  1  2  3  3    18.000000    55.316963
248  1  4  4  3    20.000000    61.420374
492  3  4  3  2    20.000000    61.420374
344  2  3  3  4    22.000000    67.586042
493  3  4  3  3    22.000000    67.562411
369  2  4  3  4    22.000000    67.562411
539  4  1  2  4  5039.639946  5089.421566
409  3  1  1  4  5041.030976  5082.515659
164  1  1  2  4  5041.532601  5078.868816


PCP_c4

     p  q  d  s          AIC          BIC
189  1  2  2  4    18.000000    55.316963
243  1  4  3  3    18.000000    55.278337
193  1  2  3  3    18.000000    55.316963
591  4  3  3  1    20.000000    61.441856
294  2  1  3  4  4736.511452  4782.144603
164  1  1  2  4  4736.525069  4773.861284
409  3  1  1  4  4738.438644  4779.923327
299  2  1  4  4  4739.318178  4789.099798
293  2  1  3  3  4739.965788  4781.450471
534  4  1  1  4  4739.997295  4785.630446


tmed_c1

     p  q  d  s         AIC         BIC
234  1  4  1  4   16.000000   49.221862
299  2  1  4  4  355.820111  405.729256
539  4  1  2  4  360.721706  410.630850
409  3  1  1  4  361.035194  402.626147
544  4  1  3  4  361.447736  415.515976
414  3  1  2  4  362.312289  408.062339
424  3  1  4  4  362.334916  416.403156
524  4  0  4  4  362.900630  421.157533
509  4  0  1  4  364.332844  410.106124
419  3  1  3  4  364.938011  414.847155


tmed_c2

     p  q  d  s         AIC         BIC
241  1  4  3  1   14.000000   42.964089
283  2  1  1  3  527.653128  560.806613
543  4  1  3  3  529.475774  579.206002
284  2  1  1  4  530.297383  567.595053
49   0  1  4  4  531.197031  572.638887
408  3  1  1  3  532.258947  569.556618
423  3  1  4  3  532.895510  582.625737
419  3  1  3  4  532.920992  582.651220
149  1  0  4  4  533.468157  579.077779
48   0  1  4  3  533.687364  570.985035


tmed_c3

     p  q  d  s         AIC         BIC
214  1  3  2  4   18.000000   55.393723
244  1  4  3  4   20.000000   61.527327
613  4  4  2  3   22.000000   67.680060
612  4  4  2  2  251.215180  292.742507
134  1  0  1  4  495.395516  528.685174
379  3  0  0  4  496.743619  534.194485
264  2  0  2  4  498.291647  539.903720
144  1  0  3  4  498.990857  540.602930
384  3  0  1  4  499.120126  540.732199
504  4  0  0  4  499.192084  540.804157


tmed_c4

     p  q  d  s         AIC         BIC
488  3  4  2  3   20.000000   61.527327
243  1  4  3  3   84.506807  121.881401
504  4  0  0  4  301.847245  343.459318
269  2  0  3  4  302.109558  347.882839
254  2  0  0  4  302.366479  335.656137
134  1  0  1  4  302.435495  335.725154
379  3  0  0  4  304.193964  341.644830
394  3  0  3  4  304.888037  354.822525
509  4  0  1  4  304.899128  350.672409
384  3  0  1  4  305.799081  347.411155



